 style | count_style 
-------+-------------
   351 |           1
   346 |           1
   294 |           1
   370 |           1
   273 |           1
   267 |           1
   272 |           5
   304 |           2
   350 |           1
   258 |           6
   341 |           1
   314 |           3
   278 |          30
   322 |           2
   364 |           1
   299 |           1
   330 |           2
   276 |           1
   345 |           1
   309 |           1
   237 |           8
   262 |           2
   323 |           1
   292 |           1
   348 |           1
   337 |           1
   320 |           3
   375 |           1
   238 |          58
   236 |          12
   271 |          16
   263 |           3
   289 |           1
   268 |           1
   282 |           6
   329 |           2
   311 |           1
   269 |           2
   261 |           6
   280 |           4
   239 |           5
   235 |           9
   257 |          14
   306 |           1
   286 |           2
   376 |           1
   240 |          87
   328 |           1
   279 |           6
   338 |           1
   358 |           1
   291 |           1
   349 |           1
   281 |           1
   298 |           1
   244 |           1
   259 |          17
   302 |           1
   288 |           1
   324 |           1
   310 |           1
   357 |           1
   242 |          10
   331 |           2
   251 |           2
   266 |           1
   353 |           1
   249 |          14
   315 |           1
   366 |           1
   307 |           1
   255 |           3
   347 |           1
   296 |           1
   283 |          10
   305 |           1
   297 |           1
   361 |           1
   321 |           1
   245 |           1
   303 |           6
   333 |           1
   325 |           1
   295 |           1
   334 |           1
   274 |           3
   373 |           1
   352 |           1
   252 |          18
   241 |           1
   363 |           1
   343 |           1
   287 |           1
   362 |           1
   285 |           3
   327 |           1
   253 |          12
   312 |           1
   340 |           1
   277 |           7
   356 |           1
   290 |           2
   300 |           6
   317 |           1
   284 |           3
   265 |           1
   342 |           1
   368 |           1
   372 |           1
   246 |           5
   369 |           1
   339 |           1
   326 |           3
   243 |          47
   360 |           1
   344 |           1
   371 |           1
   367 |           1
   374 |           1
   335 |           1
   365 |           1
   355 |           1
   336 |           1
   318 |           1
   301 |           1
   275 |           9
   247 |           2
   260 |           9
   308 |           2
   313 |           1
   359 |           2
   354 |           2
   254 |           1
   377 |           1
   248 |          41
   293 |           1
   250 |           2
   316 |           2
   256 |           9
   332 |           1
   319 |           1
   264 |           2
   270 |           2
(143 rows)

